"Date","ConfCases","CumCases","ConfDeaths","CumDeaths","ConfRecoveries","CumRecoveries","ConfHCWcases","CumHCWCases","ConfHCWDeaths","CumHCWDeaths"
2022-09-20,1,NA,NA,NA,NA,NA,NA,NA,NA,NA
2022-09-21,NA,NA,NA,NA,NA,NA,NA,NA,NA,NA
2022-09-22,10,NA,NA,NA,NA,NA,NA,NA,NA,NA
2022-09-23,4,NA,NA,NA,NA,NA,NA,NA,NA,NA
2022-09-24,1,NA,NA,NA,NA,NA,NA,NA,NA,NA
2022-09-25,2,NA,NA,NA,NA,NA,NA,NA,NA,NA
2022-09-26,NA,NA,NA,NA,NA,NA,NA,NA,NA,NA
2022-09-27,NA,NA,NA,NA,NA,NA,NA,NA,NA,NA
2022-09-28,13,NA,NA,NA,NA,NA,NA,NA,NA,NA
2022-09-29,4,35,1,7,NA,NA,1,8,0,1
2022-09-30,3,38,1,8,NA,NA,NA,NA,NA,NA
2022-10-01,3,41,1,9,2,4,NA,NA,NA,NA
2022-10-02,2,43,0,9,0,4,NA,NA,NA,NA
2022-10-03,0,43,0,9,0,4,NA,NA,NA,NA
2022-10-04,0,43,1,10,3,7,NA,NA,NA,NA
2022-10-05,1,44,0,10,0,7,NA,NA,NA,NA
2022-10-06,0,44,0,10,1,8,0,10,0,4
2022-10-07,0,44,0,10,0,8,0,10,0,4
2022-10-08,0,44,0,10,0,8,0,10,0,4
2022-10-09,4,48,7,17,6,14,0,10,0,4
2022-10-10,6,54,2,19,NA,NA,0,10,0,4
2022-10-11,0,54,0,19,NA,NA,0,10,0,4
2022-10-12,0,54,0,19,NA,NA,0,10,0,4
2022-10-13,4,58,0,19,NA,19,0,10,0,4
2022-10-14,0,58,2,21,3,22,0,10,0,4
2022-10-15,0,58,0,21,4,26,0,10,0,4
2022-10-16,2,60,2,23,0,26,0,10,0,4
2022-10-17,0,60,1,24,0,26,0,10,0,4
2022-10-18,1,61,1,25,0,26,0,10,0,4
2022-10-19,3,64,0,25,0,26,0,10,0,4
2022-10-20,1,65,2,27,0,26,0,10,0,4
2022-10-21,6,71,0,27,0,26,0,10,0,4
2022-10-22,4,75,0,27,1,27,1,11,0,4
2022-10-23,15,90,1,28,5,32,2,13,0,4
2022-10-24,5,95,2,30,2,34,2,15,0,4
2022-10-25,14,109,1,31,0,34,0,15,0,4
2022-10-26,6,115,1,32,0,34,0,15,0,4
2022-10-27,6,121,0,32,1,35,0,15,2,6
2022-10-28,5,126,0,32,0,35,0,15,0,6
2022-10-29,2,128,2,34,5,40,0,15,0,6
2022-10-30,1,129,3,37,3,43,3,18,1,7
2022-10-31,1,130,6,43,2,45,0,18,-1,6
2022-11-01,1,131,3,46,4,49,0,18,0,6
2022-11-02,0,131,2,48,5,54,0,18,0,6
2022-11-03,0,131,1,49,7,61,0,18,0,6
2022-11-04,1,132,2,51,0,61,0,18,1,7
2022-11-05,0,132,0,51,0,61,0,18,0,7
2022-11-06,3,135,2,53,1,62,0,18,0,7
2022-11-07,1,136,0,53,0,62,0,18,0,7
2022-11-10,1,137,1,54,3,65,0,18,0,7
2022-11-11,1,138,0,54,0,65,0,18,0,7
2022-11-12,1,139,1,55,4,69,0,18,0,7
2022-11-13,1,140,0,55,0,69,1,19,0,7
2022-11-14,1,141,0,55,4,73,0,19,0,7
2022-11-15,0,141,0,55,3,76,0,19,0,7
2022-11-16,0,141,0,55,0,76,0,19,0,7
2022-11-17,0,141,0,55,1,77,0,19,0,7
2022-11-18,0,141,0,55,2,79,0,19,0,7
2022-11-19,0,141,0,55,0,79,0,19,0,7
2022-11-20,0,141,0,55,0,79,0,19,0,7
2022-11-21,0,141,0,55,0,79,0,19,0,7
2022-11-22,0,141,0,55,0,79,0,19,0,7
2022-11-23,0,141,0,55,1,80,0,19,0,7
2022-11-24,0,141,0,55,0,80,0,19,0,7
2022-11-25,0,141,0,55,0,80,0,19,0,7
2022-11-26,0,141,0,55,0,80,0,19,0,7
2022-11-27,1,142,1,56,0,80,0,19,0,7
2022-11-28,0,142,0,56,0,80,0,19,0,7
2022-11-29,0,142,0,56,0,80,0,19,0,7
2022-11-30,0,142,0,56,4,84,0,19,0,7
2022-12-01,0,142,0,56,0,84,0,19,0,7
2022-12-02,0,142,0,56,3,87,0,19,0,7
2022-12-03,0,142,0,56,0,87,0,19,0,7
2022-12-04,0,142,-1,55,0,87,0,19,0,7
2022-12-05,0,142,0,55,0,87,0,19,0,7
2022-12-06,0,142,0,55,0,87,0,19,0,7
2022-12-07,0,142,0,55,0,87,0,19,0,7
2022-12-08,0,142,0,55,0,87,0,19,0,7
2022-12-09,0,142,0,55,0,87,0,19,0,7
2022-12-10,0,142,0,55,0,87,0,19,0,7
2022-12-11,0,142,0,55,0,87,0,19,0,7
2022-12-12,0,142,0,55,0,87,0,19,0,7
2022-12-13,0,142,0,55,0,87,0,19,0,7
2022-12-14,0,142,0,55,0,87,0,19,0,7
2022-12-15,0,142,0,55,0,87,0,19,0,7
2022-12-16,0,142,0,55,0,87,0,19,0,7
2022-12-17,0,142,0,55,0,87,0,19,0,7
2022-12-18,0,142,0,55,0,87,0,19,0,7
2022-12-19,0,142,0,55,0,87,0,19,0,7
2022-12-20,0,142,0,55,0,87,0,19,0,7
2022-12-21,0,142,0,55,0,87,0,19,0,7
2022-12-22,0,142,0,55,0,87,0,19,0,7
2022-12-23,0,142,0,55,0,87,0,19,0,7
2022-12-24,0,142,0,55,0,87,0,19,0,7
2022-12-25,0,142,0,55,0,87,0,19,0,7
2022-12-26,0,142,0,55,0,87,0,19,0,7
2022-12-27,0,142,0,55,0,87,0,19,0,7
2022-12-28,0,142,0,55,0,87,0,19,0,7
2022-12-29,0,142,0,55,0,87,0,19,0,7
2022-12-30,0,142,0,55,0,87,0,19,0,7
2022-12-31,0,142,0,55,0,87,0,19,0,7
2023-01-01,0,142,0,55,0,87,0,19,0,7
2023-01-02,0,142,0,55,0,87,0,19,0,7
2023-01-03,0,142,0,55,0,87,0,19,0,7
2023-01-04,0,142,0,55,0,87,0,19,0,7
